n = [1;2;3];
A = [4 7;5 8;6 9];